1  908 720  ;
8 ;
0 30 1 1 ;
 198 98  1 0 ;
clown1.jpg
0 ;
1 60 1 1 ;
 398 98  1 0 ;
clown2.jpg
0 ;
2 50 1 1 ;
 198 298  1 0 ;
clown3.jpg
0 ;
3 0 1 1 ;
 398 298  1 0 ;
clown4.jpg
0 ;
4 100 1 1 ;
 598 298  1 0 ;
clown5.jpg
0 ;
5 0 1 1 ;
 98 498  1 0 ;
bad_clowns_xx3xx.jpg
0 ;
6 0 1 1 ;
 298 498  1 1 ;
bad_clowns_xx3xx.jpg
1 ;
7 0 1 1 ;
 498 498  1 2 ;
bad_clowns_xx3xx.jpg
2 ;


10 ;
0 
1 2 50
1 ;
1 
0 1 50
1 ;
2 
1 3 75
1 ;
3 
4 1 25
1 ;
4 
6 3 25
1 ;
5 
7 3 25
1 ;
6 
3 4 0
1 ;
7 
2 0 100
1 ;
8 
5 2 20
1 ;
9 
3 7 80
1 ;
