1  908 670  ;
8 ;
0 0 1 ;
1 3 ;
Meilleur Clown
 164 64  1 0 ;
clown1.jpg
0 ;
1 0 1 ;
1 3 ;
Mauvais Clown
 546 2  1 0 ;
clown2.jpg
0 ;
2 0 1 ;
1 3 ;

 164 264  1 0 ;
clown3.jpg
0 ;
3 0 1 ;
1 3 ;

 364 264  1 0 ;
clown4.jpg
0 ;
4 0 1 ;
1 3 ;

 564 264  1 0 ;
clown5.jpg
0 ;
5 0 1 ;
1 3 ;

 64 464  1 0 ;
bad_clowns_xx3xx.jpg
0 ;
6 0 1 ;
1 3 ;

 275 464  1 1 ;
bad_clowns_xx3xx.jpg
1 ;
7 0 1 ;
1 3 ;

 464 464  1 2 ;
bad_clowns_xx3xx.jpg
2 ;


9 ;
1 
0 1 0.9375
1 ;
1 ;
2 
1 3 1.0625
1 ;
1 ;
3 
4 1 2
1 ;
1 ;
4 
6 3 0.9375
1 ;
1 ;
5 
7 3 1
1 ;
1 ;
6 
3 4 1
1 ;
1 ;
7 
2 0 1
1 ;
1 ;
8 
5 2 1.125
1 ;
1 ;
9 
3 7 0.9375
1 ;
1 ;
