1  908 670  ;
12 ;
0 123.838 0 ;
1 3 ;
soleil
 396 10  1 0 ;
soleil.jpg
0 ;
1 39.183 0 ;
1 3 ;
eau
 43 19  1 0 ;
eau.jpg
0 ;
2 15.5335 0 ;
1 3 ;
arbre
 733 57  1 0 ;
arbre.jpg
0 ;
3 162.591 0 ;
1 3 ;
oiseau
 9 198  1 0 ;
oiseau.jpg
0 ;
4 5.3749 0 ;
1 3 ;
ours
 504 213  1 0 ;
ours.jpg
0 ;
5 17.4147 0 ;
1 3 ;
loup
 747 218  1 0 ;
loup.jpg
0 ;
6 187.1 0 ;
1 3 ;
abeille
 98 438  1 0 ;
abeille.jpg
0 ;
7 19.4034 0 ;
1 3 ;
ruche
 287 442  1 0 ;
ruche.jpg
0 ;
8 104.058 0 ;
1 3 ;
lapin
 480 407  1 0 ;
lapin.jpg
0 ;
9 104.058 0 ;
1 3 ;
ver
 5 565  1 0 ;
ver.jpg
0 ;
10 39.183 0 ;
1 3 ;
biche
 480 538  1 0 ;
biche.jpg
0 ;
11 200 0 ;
1 3 ;
herbe
 760 560  1 0 ;
herbe.jpg
0 ;


23 ;
0 
0 2 1.0625
1 ;
1 ;
1 
1 4 0.625
1 ;
1 ;
2 
1 5 1.375
1 ;
1 ;
3 
1 8 0
1 ;
1 ;
4 
1 10 0
1 ;
1 ;
5 
1 11 0.6875
1 ;
1 ;
6 
1 2 1.1875
1 ;
1 ;
7 
2 4 1.875
1 ;
1 ;
8 
0 3 0
1 ;
1 ;
9 
6 3 0.875
1 ;
1 ;
10 
6 7 0
1 ;
1 ;
11 
7 6 0
1 ;
1 ;
12 
9 3 1.3125
1 ;
1 ;
13 
7 4 0.8125
1 ;
1 ;
14 
4 11 0.375
1 ;
1 ;
15 
8 11 1.125
1 ;
1 ;
16 
11 8 0.6875
1 ;
1 ;
17 
11 9 1.0625
1 ;
1 ;
18 
10 11 0
1 ;
1 ;
19 
11 10 0.8125
1 ;
1 ;
20 
5 11 1.25
1 ;
1 ;
21 
8 5 0.625
1 ;
1 ;
22 
10 5 1.0625
1 ;
1 ;
