1  908 670  ;
8 ;
0 30 1 ;
1 3 ;
Meilleur Clown
 166 66  1 0 ;
clown1.jpg
0 ;
1 60 1 ;
1 3 ;
Mauvais Clown
 548 4  1 0 ;
clown2.jpg
0 ;
2 50 1 ;
1 3 ;

 166 266  1 0 ;
clown3.jpg
0 ;
3 0 1 ;
1 3 ;

 366 266  1 0 ;
clown4.jpg
0 ;
4 100 1 ;
1 3 ;

 566 266  1 0 ;
clown5.jpg
0 ;
5 0 1 ;
1 3 ;

 66 466  1 0 ;
bad_clowns_xx3xx.jpg
0 ;
6 0 1 ;
1 3 ;

 266 466  1 1 ;
bad_clowns_xx3xx.jpg
1 ;
7 0 1 ;
1 3 ;

 466 466  1 2 ;
bad_clowns_xx3xx.jpg
2 ;


10 ;
0 
1 2 50
1 ;
1 ;
1 
0 1 50
1 ;
1 ;
2 
1 3 75
1 ;
1 ;
3 
4 1 25
1 ;
1 ;
4 
6 3 25
1 ;
1 ;
5 
7 3 25
1 ;
1 ;
6 
3 4 0
1 ;
1 ;
7 
2 0 100
1 ;
1 ;
8 
5 2 20
1 ;
1 ;
9 
3 7 80
1 ;
1 ;
