1  908 670  ;
6 ;
0 62.1338 0 ;
1 3 ;
ours polaire
 392 83  1 0 ;
ours_polaire.jpg
0 ;
1 39.183 0 ;
1 3 ;
banquise
 63 321  1 0 ;
banquise.jpg
0 ;
2 90.3521 0 ;
1 3 ;
bateau
 64 64  1 0 ;
bateau.jpg
0 ;
3 21.4996 0 ;
1 3 ;
poisson
 704 233  1 0 ;
poisson.jpg
0 ;
4 28.4332 0 ;
1 3 ;
pingouin
 172 502  1 0 ;
pingouin.jpg
0 ;
5 36.3343 0 ;
1 3 ;
phoque
 530 429  1 0 ;
phoque.jpg
0 ;


9 ;
0 
2 1 0.625
1 ;
1 ;
1 
1 0 0.9375
1 ;
1 ;
2 
1 4 0.5625
1 ;
1 ;
3 
1 5 0.5
1 ;
1 ;
4 
4 0 0
1 ;
1 ;
5 
5 0 1.625
1 ;
1 ;
6 
3 0 1.0625
1 ;
1 ;
7 
3 4 1.5
1 ;
1 ;
8 
3 5 1
1 ;
1 ;
